   0.61965E+00
   0.10103E-02
   0.66566E-03
   0.51347E-03
   0.46346E-03
   0.42125E-03
   0.39505E-03
   0.36990E-03
   0.35531E-03
   0.33283E-03
   0.30966E-03
   0.29196E-03
   0.27325E-03
   0.25656E-03
   0.24183E-03
   0.22881E-03
   0.22257E-03
   0.20681E-03
   0.19415E-03
   0.18686E-03
   0.17505E-03
   0.16817E-03
   0.15993E-03
   0.15297E-03
   0.14464E-03
   0.13825E-03
   0.13164E-03
   0.12623E-03
   0.11970E-03
   0.11424E-03
   0.10987E-03
   0.10273E-03
 
   0.76237E+00
   0.11186E-02
   0.70708E-03
   0.51617E-03
   0.45274E-03
   0.40598E-03
   0.36351E-03
   0.33434E-03
   0.31051E-03
   0.28931E-03
   0.26476E-03
   0.24596E-03
   0.22628E-03
   0.20862E-03
   0.19088E-03
   0.17578E-03
   0.16353E-03
   0.15264E-03
   0.14204E-03
   0.13325E-03
   0.12640E-03
   0.11922E-03
   0.11259E-03
   0.10633E-03
   0.10030E-03
   0.95381E-04
   0.91564E-04
   0.87773E-04
   0.83800E-04
   0.80315E-04
   0.77828E-04
   0.74727E-04
 
   0.81105E+00
   0.10463E-02
   0.60973E-03
   0.41679E-03
   0.35739E-03
   0.30843E-03
   0.27428E-03
   0.24696E-03
   0.22641E-03
   0.21040E-03
   0.19109E-03
   0.17571E-03
   0.16160E-03
   0.14985E-03
   0.13682E-03
   0.12659E-03
   0.11862E-03
   0.10995E-03
   0.10349E-03
   0.96198E-04
   0.91771E-04
   0.86780E-04
   0.81672E-04
   0.78136E-04
   0.73780E-04
   0.70419E-04
   0.67736E-04
   0.65687E-04
   0.62688E-04
   0.60410E-04
   0.59106E-04
   0.57772E-04
 
   0.84930E+00
   0.10222E-02
   0.56792E-03
   0.37383E-03
   0.31094E-03
   0.26395E-03
   0.23268E-03
   0.20587E-03
   0.18828E-03
   0.17076E-03
   0.15630E-03
   0.14258E-03
   0.13004E-03
   0.12135E-03
   0.11175E-03
   0.10324E-03
   0.96417E-04
   0.90261E-04
   0.84605E-04
   0.78971E-04
   0.74527E-04
   0.70384E-04
   0.66932E-04
   0.63298E-04
   0.59891E-04
   0.57207E-04
   0.54716E-04
   0.53085E-04
   0.51077E-04
   0.48762E-04
   0.47247E-04
   0.46589E-04
 
   0.87356E+00
   0.98788E-03
   0.52479E-03
   0.33414E-03
   0.27238E-03
   0.22691E-03
   0.19839E-03
   0.17380E-03
   0.15730E-03
   0.14208E-03
   0.12936E-03
   0.11809E-03
   0.10698E-03
   0.99445E-04
   0.92654E-04
   0.86483E-04
   0.80373E-04
   0.74728E-04
   0.70420E-04
   0.65920E-04
   0.62348E-04
   0.58891E-04
   0.55461E-04
   0.52264E-04
   0.50376E-04
   0.47938E-04
   0.45453E-04
   0.43850E-04
   0.42106E-04
   0.40537E-04
   0.39192E-04
   0.38467E-04
 
   0.89501E+00
   0.96470E-03
   0.49600E-03
   0.30772E-03
   0.24659E-03
   0.20252E-03
   0.17647E-03
   0.15127E-03
   0.13608E-03
   0.12190E-03
   0.11068E-03
   0.10101E-03
   0.92773E-04
   0.84999E-04
   0.79368E-04
   0.73732E-04
   0.68375E-04
   0.63406E-04
   0.59746E-04
   0.56226E-04
   0.52909E-04
   0.49638E-04
   0.47144E-04
   0.44600E-04
   0.42376E-04
   0.40143E-04
   0.38038E-04
   0.36686E-04
   0.35100E-04
   0.33511E-04
   0.32593E-04
   0.31647E-04
 
   0.91182E+00
   0.93822E-03
   0.47033E-03
   0.28523E-03
   0.22358E-03
   0.18200E-03
   0.15786E-03
   0.13330E-03
   0.11858E-03
   0.10601E-03
   0.96646E-04
   0.87268E-04
   0.80226E-04
   0.73256E-04
   0.68453E-04
   0.63568E-04
   0.58808E-04
   0.54212E-04
   0.50863E-04
   0.48014E-04
   0.45413E-04
   0.42201E-04
   0.40169E-04
   0.37902E-04
   0.35987E-04
   0.33703E-04
   0.32167E-04
   0.30949E-04
   0.29329E-04
   0.27777E-04
   0.27188E-04
   0.26500E-04
 
   0.92690E+00
   0.91589E-03
   0.44932E-03
   0.26853E-03
   0.20618E-03
   0.16645E-03
   0.14274E-03
   0.11987E-03
   0.10600E-03
   0.94473E-04
   0.85757E-04
   0.77212E-04
   0.70635E-04
   0.64606E-04
   0.59803E-04
   0.55173E-04
   0.51476E-04
   0.47122E-04
   0.44094E-04
   0.41364E-04
   0.39178E-04
   0.36406E-04
   0.34402E-04
   0.32411E-04
   0.30647E-04
   0.28988E-04
   0.27506E-04
   0.26294E-04
   0.24893E-04
   0.23515E-04
   0.22791E-04
   0.22371E-04
 
   0.93953E+00
   0.89103E-03
   0.42949E-03
   0.25345E-03
   0.19121E-03
   0.15261E-03
   0.13016E-03
   0.10911E-03
   0.95548E-04
   0.84654E-04
   0.76940E-04
   0.69066E-04
   0.62764E-04
   0.57721E-04
   0.52737E-04
   0.48523E-04
   0.45209E-04
   0.41310E-04
   0.38438E-04
   0.35908E-04
   0.33916E-04
   0.31691E-04
   0.29658E-04
   0.27779E-04
   0.26244E-04
   0.24902E-04
   0.23434E-04
   0.22417E-04
   0.21074E-04
   0.20006E-04
   0.19278E-04
   0.18974E-04
 
   0.95072E+00
   0.86681E-03
   0.41271E-03
   0.24052E-03
   0.17966E-03
   0.14191E-03
   0.11947E-03
   0.10029E-03
   0.87401E-04
   0.76722E-04
   0.69643E-04
   0.62304E-04
   0.56252E-04
   0.51789E-04
   0.46873E-04
   0.43035E-04
   0.40041E-04
   0.36854E-04
   0.33889E-04
   0.31651E-04
   0.29794E-04
   0.27691E-04
   0.25956E-04
   0.24207E-04
   0.22755E-04
   0.21357E-04
   0.20248E-04
   0.19178E-04
   0.18012E-04
   0.17068E-04
   0.16452E-04
   0.16066E-04
 
   0.96026E+00
   0.84257E-03
   0.39713E-03
   0.22936E-03
   0.17015E-03
   0.13340E-03
   0.11046E-03
   0.92652E-04
   0.80390E-04
   0.70311E-04
   0.63786E-04
   0.57032E-04
   0.50831E-04
   0.46687E-04
   0.42397E-04
   0.38678E-04
   0.35788E-04
   0.33057E-04
   0.30283E-04
   0.28164E-04
   0.26508E-04
   0.24585E-04
   0.23004E-04
   0.21308E-04
   0.19990E-04
   0.18597E-04
   0.17629E-04
   0.16600E-04
   0.15561E-04
   0.14550E-04
   0.14147E-04
   0.13718E-04
 
   0.96862E+00
   0.81838E-03
   0.38272E-03
   0.22081E-03
   0.16201E-03
   0.12639E-03
   0.10323E-03
   0.86372E-04
   0.74713E-04
   0.65196E-04
   0.58820E-04
   0.52477E-04
   0.46532E-04
   0.42390E-04
   0.38679E-04
   0.35175E-04
   0.32379E-04
   0.29716E-04
   0.27313E-04
   0.25215E-04
   0.23556E-04
   0.21883E-04
   0.20435E-04
   0.18914E-04
   0.17597E-04
   0.16518E-04
   0.15426E-04
   0.14609E-04
   0.13622E-04
   0.12643E-04
   0.12135E-04
   0.11798E-04
 
   0.97582E+00
   0.79394E-03
   0.36929E-03
   0.21393E-03
   0.15515E-03
   0.12051E-03
   0.97512E-04
   0.81296E-04
   0.70109E-04
   0.61149E-04
   0.54569E-04
   0.48463E-04
   0.43128E-04
   0.38697E-04
   0.35573E-04
   0.32115E-04
   0.29499E-04
   0.26973E-04
   0.24734E-04
   0.22738E-04
   0.21110E-04
   0.19600E-04
   0.18247E-04
   0.16922E-04
   0.15672E-04
   0.14698E-04
   0.13613E-04
   0.12797E-04
   0.11936E-04
   0.11134E-04
   0.10534E-04
   0.10221E-04
 
   0.98213E+00
   0.77061E-03
   0.35726E-03
   0.20857E-03
   0.14976E-03
   0.11606E-03
   0.92814E-04
   0.77149E-04
   0.66400E-04
   0.57849E-04
   0.51035E-04
   0.45033E-04
   0.40177E-04
   0.35848E-04
   0.32874E-04
   0.29440E-04
   0.27059E-04
   0.24737E-04
   0.22547E-04
   0.20549E-04
   0.19157E-04
   0.17663E-04
   0.16453E-04
   0.15325E-04
   0.14071E-04
   0.13155E-04
   0.12227E-04
   0.11466E-04
   0.10585E-04
   0.99253E-05
   0.93413E-05
   0.89687E-05
 
   0.98758E+00
   0.74743E-03
   0.34616E-03
   0.20392E-03
   0.14527E-03
   0.11255E-03
   0.88873E-04
   0.73608E-04
   0.63256E-04
   0.54865E-04
   0.47997E-04
   0.42278E-04
   0.37733E-04
   0.33353E-04
   0.30523E-04
   0.27298E-04
   0.24952E-04
   0.22755E-04
   0.20798E-04
   0.18825E-04
   0.17517E-04
   0.16140E-04
   0.14968E-04
   0.13994E-04
   0.12775E-04
   0.11844E-04
   0.11131E-04
   0.10381E-04
   0.95050E-05
   0.88706E-05
   0.83161E-05
   0.79384E-05
 
   0.99234E+00
   0.72529E-03
   0.33623E-03
   0.19962E-03
   0.14136E-03
   0.10954E-03
   0.86192E-04
   0.70836E-04
   0.60783E-04
   0.52411E-04
   0.45452E-04
   0.40150E-04
   0.35682E-04
   0.31220E-04
   0.28530E-04
   0.25409E-04
   0.23099E-04
   0.21028E-04
   0.19225E-04
   0.17513E-04
   0.16099E-04
   0.14857E-04
   0.13711E-04
   0.12757E-04
   0.11656E-04
   0.10728E-04
   0.10122E-04
   0.93874E-05
   0.86382E-05
   0.79988E-05
   0.74797E-05
   0.71743E-05
 
   0.99645E+00
   0.70456E-03
   0.32731E-03
   0.19542E-03
   0.13797E-03
   0.10705E-03
   0.83935E-04
   0.68743E-04
   0.58666E-04
   0.50402E-04
   0.43248E-04
   0.38263E-04
   0.33871E-04
   0.29406E-04
   0.26914E-04
   0.23844E-04
   0.21497E-04
   0.19583E-04
   0.17855E-04
   0.16362E-04
   0.14918E-04
   0.13753E-04
   0.12730E-04
   0.11730E-04
   0.10697E-04
   0.98812E-05
   0.92975E-05
   0.85640E-05
   0.79097E-05
   0.73151E-05
   0.67675E-05
   0.65125E-05
 
   0.10000E+01
   0.68563E-03
   0.31955E-03
   0.19173E-03
   0.13528E-03
   0.10526E-03
   0.81917E-04
   0.67241E-04
   0.56880E-04
   0.48622E-04
   0.41501E-04
   0.36638E-04
   0.32317E-04
   0.27961E-04
   0.25534E-04
   0.22476E-04
   0.20113E-04
   0.18303E-04
   0.16682E-04
   0.15204E-04
   0.13941E-04
   0.12829E-04
   0.11801E-04
   0.10850E-04
   0.98571E-05
   0.91805E-05
   0.85381E-05
   0.78134E-05
   0.73166E-05
   0.67125E-05
   0.62015E-05
   0.59306E-05
 
   0.10031E+01
   0.66807E-03
   0.31314E-03
   0.18798E-03
   0.13307E-03
   0.10379E-03
   0.80213E-04
   0.66214E-04
   0.55443E-04
   0.47203E-04
   0.40199E-04
   0.35316E-04
   0.30929E-04
   0.26822E-04
   0.24314E-04
   0.21307E-04
   0.19082E-04
   0.17230E-04
   0.15722E-04
   0.14172E-04
   0.13056E-04
   0.11968E-04
   0.10986E-04
   0.10118E-04
   0.91669E-05
   0.85209E-05
   0.79154E-05
   0.72769E-05
   0.68110E-05
   0.61944E-05
   0.57666E-05
   0.54403E-05
 
   0.10057E+01
   0.65124E-03
   0.30736E-03
   0.18463E-03
   0.13138E-03
   0.10283E-03
   0.79052E-04
   0.65389E-04
   0.54108E-04
   0.46078E-04
   0.39074E-04
   0.34233E-04
   0.29721E-04
   0.25822E-04
   0.23173E-04
   0.20264E-04
   0.18204E-04
   0.16336E-04
   0.14956E-04
   0.13432E-04
   0.12295E-04
   0.11239E-04
   0.10221E-04
   0.94492E-05
   0.85955E-05
   0.79928E-05
   0.73751E-05
   0.68357E-05
   0.62895E-05
   0.57531E-05
   0.53557E-05
   0.49818E-05
 
   0.10080E+01
   0.63546E-03
   0.30224E-03
   0.18202E-03
   0.13019E-03
   0.10229E-03
   0.78240E-04
   0.64480E-04
   0.52996E-04
   0.45072E-04
   0.38088E-04
   0.33270E-04
   0.28662E-04
   0.24959E-04
   0.22179E-04
   0.19479E-04
   0.17396E-04
   0.15612E-04
   0.14283E-04
   0.12781E-04
   0.11651E-04
   0.10647E-04
   0.96209E-05
   0.89201E-05
   0.81293E-05
   0.75225E-05
   0.69456E-05
   0.64290E-05
   0.58682E-05
   0.53796E-05
   0.49458E-05
   0.45965E-05
 
   0.10099E+01
   0.62078E-03
   0.29776E-03
   0.18000E-03
   0.12952E-03
   0.10204E-03
   0.77623E-04
   0.63400E-04
   0.52076E-04
   0.44258E-04
   0.37324E-04
   0.32424E-04
   0.27734E-04
   0.24237E-04
   0.21248E-04
   0.18854E-04
   0.16725E-04
   0.15034E-04
   0.13704E-04
   0.12220E-04
   0.11108E-04
   0.10122E-04
   0.92146E-05
   0.84366E-05
   0.76950E-05
   0.71134E-05
   0.65437E-05
   0.60666E-05
   0.55351E-05
   0.50885E-05
   0.46672E-05
   0.42751E-05
 
   0.10115E+01
   0.60704E-03
   0.29393E-03
   0.17835E-03
   0.12939E-03
   0.10191E-03
   0.77081E-04
   0.62367E-04
   0.51495E-04
   0.43508E-04
   0.36610E-04
   0.31570E-04
   0.26875E-04
   0.23730E-04
   0.20510E-04
   0.18335E-04
   0.16131E-04
   0.14432E-04
   0.13167E-04
   0.11715E-04
   0.10621E-04
   0.96600E-05
   0.87879E-05
   0.80003E-05
   0.73544E-05
   0.67677E-05
   0.62691E-05
   0.57586E-05
   0.52621E-05
   0.48578E-05
   0.44159E-05
   0.40365E-05
 
   0.10128E+01
   0.59358E-03
   0.29069E-03
   0.17740E-03
   0.12961E-03
   0.10167E-03
   0.76683E-04
   0.61567E-04
   0.51053E-04
   0.42764E-04
   0.35953E-04
   0.30728E-04
   0.26135E-04
   0.23109E-04
   0.19852E-04
   0.17855E-04
   0.15491E-04
   0.13892E-04
   0.12584E-04
   0.11254E-04
   0.10256E-04
   0.92411E-05
   0.84238E-05
   0.76276E-05
   0.70155E-05
   0.64453E-05
   0.59179E-05
   0.54874E-05
   0.49865E-05
   0.45966E-05
   0.41838E-05
   0.38483E-05
 
   0.10139E+01
   0.58047E-03
   0.28795E-03
   0.17694E-03
   0.13005E-03
   0.10163E-03
   0.76487E-04
   0.61110E-04
   0.50754E-04
   0.41996E-04
   0.35437E-04
   0.30061E-04
   0.25571E-04
   0.22507E-04
   0.19262E-04
   0.17374E-04
   0.14941E-04
   0.13432E-04
   0.12105E-04
   0.10795E-04
   0.98896E-05
   0.89008E-05
   0.80965E-05
   0.73212E-05
   0.66838E-05
   0.62145E-05
   0.56845E-05
   0.52059E-05
   0.47389E-05
   0.43718E-05
   0.40004E-05
   0.36572E-05
 
   0.10148E+01
   0.56790E-03
   0.28542E-03
   0.17678E-03
   0.13066E-03
   0.10173E-03
   0.76483E-04
   0.60926E-04
   0.50513E-04
   0.41296E-04
   0.35132E-04
   0.29514E-04
   0.25145E-04
   0.22003E-04
   0.18777E-04
   0.16895E-04
   0.14489E-04
   0.13006E-04
   0.11657E-04
   0.10410E-04
   0.95283E-05
   0.86204E-05
   0.77857E-05
   0.70685E-05
   0.64579E-05
   0.59890E-05
   0.54997E-05
   0.50075E-05
   0.45679E-05
   0.42009E-05
   0.38731E-05
   0.35022E-05
 
   0.10155E+01
   0.55610E-03
   0.28310E-03
   0.17678E-03
   0.13120E-03
   0.10196E-03
   0.76686E-04
   0.60918E-04
   0.50293E-04
   0.40648E-04
   0.34947E-04
   0.29121E-04
   0.24709E-04
   0.21551E-04
   0.18414E-04
   0.16411E-04
   0.14073E-04
   0.12608E-04
   0.11282E-04
   0.10081E-04
   0.91701E-05
   0.83316E-05
   0.75001E-05
   0.68251E-05
   0.62371E-05
   0.57564E-05
   0.53192E-05
   0.47991E-05
   0.44051E-05
   0.40500E-05
   0.37212E-05
   0.33568E-05
 
   0.10160E+01
   0.54499E-03
   0.28069E-03
   0.17718E-03
   0.13161E-03
   0.10225E-03
   0.77056E-04
   0.60988E-04
   0.50095E-04
   0.40138E-04
   0.34732E-04
   0.28745E-04
   0.24284E-04
   0.21120E-04
   0.18113E-04
   0.15928E-04
   0.13702E-04
   0.12322E-04
   0.10945E-04
   0.98342E-05
   0.88361E-05
   0.80148E-05
   0.72465E-05
   0.66021E-05
   0.60415E-05
   0.55370E-05
   0.51230E-05
   0.46588E-05
   0.42780E-05
   0.39109E-05
   0.35568E-05
   0.32205E-05
 
   0.10163E+01
   0.53447E-03
   0.27852E-03
   0.17781E-03
   0.13190E-03
   0.10257E-03
   0.77510E-04
   0.61206E-04
   0.50005E-04
   0.39859E-04
   0.34423E-04
   0.28413E-04
   0.23984E-04
   0.20703E-04
   0.17873E-04
   0.15571E-04
   0.13452E-04
   0.12049E-04
   0.10644E-04
   0.95582E-05
   0.85277E-05
   0.77517E-05
   0.70339E-05
   0.64209E-05
   0.58858E-05
   0.53074E-05
   0.49648E-05
   0.45337E-05
   0.41416E-05
   0.37924E-05
   0.34359E-05
   0.31326E-05
 
   0.10165E+01
   0.52436E-03
   0.27665E-03
   0.17858E-03
   0.13213E-03
   0.10285E-03
   0.78010E-04
   0.61396E-04
   0.49943E-04
   0.39698E-04
   0.34010E-04
   0.28020E-04
   0.23700E-04
   0.20342E-04
   0.17573E-04
   0.15260E-04
   0.13208E-04
   0.11819E-04
   0.10362E-04
   0.93120E-05
   0.83341E-05
   0.75372E-05
   0.68360E-05
   0.62418E-05
   0.57530E-05
   0.51223E-05
   0.48103E-05
   0.43852E-05
   0.39998E-05
   0.36578E-05
   0.33348E-05
   0.30168E-05
 
   0.10166E+01
   0.51484E-03
   0.27525E-03
   0.17958E-03
   0.13223E-03
   0.10321E-03
   0.78529E-04
   0.61482E-04
   0.49894E-04
   0.39491E-04
   0.33545E-04
   0.27636E-04
   0.23459E-04
   0.19990E-04
   0.17295E-04
   0.14994E-04
   0.12996E-04
   0.11576E-04
   0.10153E-04
   0.91072E-05
   0.81584E-05
   0.73820E-05
   0.66671E-05
   0.61132E-05
   0.55920E-05
   0.50348E-05
   0.46384E-05
   0.42502E-05
   0.38667E-05
   0.35314E-05
   0.32472E-05
   0.28781E-05
 
   0.10166E+01
   0.50593E-03
   0.27415E-03
   0.18075E-03
   0.13220E-03
   0.10360E-03
   0.78990E-04
   0.61607E-04
   0.49918E-04
   0.39333E-04
   0.33236E-04
   0.27343E-04
   0.23332E-04
   0.19630E-04
   0.17030E-04
   0.14771E-04
   0.12778E-04
   0.11358E-04
   0.99972E-05
   0.89281E-05
   0.80119E-05
   0.72391E-05
   0.65163E-05
   0.59631E-05
   0.54607E-05
   0.49424E-05
   0.45214E-05
   0.41391E-05
   0.37990E-05
   0.34717E-05
   0.31729E-05
   0.27868E-05
 
   0.10165E+01
   0.49761E-03
   0.27324E-03
   0.18175E-03
   0.13251E-03
   0.10387E-03
   0.79339E-04
   0.61868E-04
   0.49989E-04
   0.39295E-04
   0.33005E-04
   0.27134E-04
   0.23110E-04
   0.19350E-04
   0.16833E-04
   0.14543E-04
   0.12576E-04
   0.11165E-04
   0.98461E-05
   0.87768E-05
   0.78453E-05
   0.70988E-05
   0.64063E-05
   0.58059E-05
   0.53452E-05
   0.48305E-05
   0.44208E-05
   0.40499E-05
   0.37551E-05
   0.34104E-05
   0.30540E-05
   0.27314E-05
 
   0.10162E+01
   0.48965E-03
   0.27204E-03
   0.18249E-03
   0.13298E-03
   0.10399E-03
   0.79651E-04
   0.62059E-04
   0.50048E-04
   0.39187E-04
   0.32713E-04
   0.26984E-04
   0.22876E-04
   0.19154E-04
   0.16669E-04
   0.14302E-04
   0.12378E-04
   0.10918E-04
   0.96884E-05
   0.86028E-05
   0.76866E-05
   0.69311E-05
   0.62854E-05
   0.56564E-05
   0.51844E-05
   0.46967E-05
   0.42980E-05
   0.39419E-05
   0.36794E-05
   0.33456E-05
   0.29709E-05
   0.26933E-05
 
   0.10158E+01
   0.48222E-03
   0.27096E-03
   0.18312E-03
   0.13355E-03
   0.10396E-03
   0.79965E-04
   0.62140E-04
   0.50163E-04
   0.39021E-04
   0.32559E-04
   0.26929E-04
   0.22653E-04
   0.18938E-04
   0.16515E-04
   0.14066E-04
   0.12158E-04
   0.10705E-04
   0.94854E-05
   0.84520E-05
   0.75402E-05
   0.67242E-05
   0.61558E-05
   0.55214E-05
   0.50829E-05
   0.45935E-05
   0.42268E-05
   0.38452E-05
   0.35606E-05
   0.32478E-05
   0.29124E-05
   0.26291E-05
 
   0.10154E+01
   0.47527E-03
   0.26951E-03
   0.18386E-03
   0.13412E-03
   0.10385E-03
   0.80198E-04
   0.62286E-04
   0.50187E-04
   0.38833E-04
   0.32424E-04
   0.26897E-04
   0.22440E-04
   0.18779E-04
   0.16378E-04
   0.13856E-04
   0.12009E-04
   0.10524E-04
   0.93178E-05
   0.83014E-05
   0.74352E-05
   0.65937E-05
   0.60486E-05
   0.53818E-05
   0.49711E-05
   0.45064E-05
   0.41266E-05
   0.37475E-05
   0.34572E-05
   0.31840E-05
   0.28623E-05
   0.25728E-05
 
   0.10148E+01
   0.46900E-03
   0.26791E-03
   0.18458E-03
   0.13453E-03
   0.10374E-03
   0.80386E-04
   0.62494E-04
   0.50041E-04
   0.38589E-04
   0.32313E-04
   0.26890E-04
   0.22293E-04
   0.18668E-04
   0.16177E-04
   0.13693E-04
   0.11900E-04
   0.10334E-04
   0.91451E-05
   0.81560E-05
   0.73203E-05
   0.64885E-05
   0.59610E-05
   0.52822E-05
   0.48716E-05
   0.44294E-05
   0.40333E-05
   0.36635E-05
   0.33856E-05
   0.31000E-05
   0.28113E-05
   0.25001E-05
 
   0.10142E+01
   0.46320E-03
   0.26609E-03
   0.18529E-03
   0.13498E-03
   0.10364E-03
   0.80452E-04
   0.62730E-04
   0.49798E-04
   0.38419E-04
   0.32291E-04
   0.26804E-04
   0.22210E-04
   0.18645E-04
   0.15965E-04
   0.13568E-04
   0.11786E-04
   0.10217E-04
   0.90150E-05
   0.80293E-05
   0.71837E-05
   0.63682E-05
   0.58554E-05
   0.52296E-05
   0.47705E-05
   0.43094E-05
   0.39407E-05
   0.35817E-05
   0.32960E-05
   0.30531E-05
   0.27468E-05
   0.24322E-05
 
   0.10134E+01
   0.45779E-03
   0.26413E-03
   0.18553E-03
   0.13524E-03
   0.10333E-03
   0.80230E-04
   0.62803E-04
   0.49456E-04
   0.38261E-04
   0.32150E-04
   0.26550E-04
   0.22041E-04
   0.18493E-04
   0.15633E-04
   0.13423E-04
   0.11586E-04
   0.10054E-04
   0.88630E-05
   0.78209E-05
   0.70152E-05
   0.61970E-05
   0.56459E-05
   0.50632E-05
   0.45926E-05
   0.41428E-05
   0.37850E-05
   0.34429E-05
   0.31749E-05
   0.28921E-05
   0.26263E-05
   0.23045E-05
 
   0.10126E+01
   0.45330E-03
   0.26221E-03
   0.18553E-03
   0.13551E-03
   0.10311E-03
   0.80113E-04
   0.62841E-04
   0.49197E-04
   0.38175E-04
   0.32028E-04
   0.26363E-04
   0.21985E-04
   0.18358E-04
   0.15365E-04
   0.13339E-04
   0.11443E-04
   0.99978E-05
   0.87752E-05
   0.76813E-05
   0.69065E-05
   0.60867E-05
   0.55313E-05
   0.49734E-05
   0.44776E-05
   0.40545E-05
   0.36888E-05
   0.33682E-05
   0.31118E-05
   0.28052E-05
   0.25545E-05
   0.22427E-05
 
   0.10117E+01
   0.44950E-03
   0.26050E-03
   0.18534E-03
   0.13569E-03
   0.10284E-03
   0.80031E-04
   0.62929E-04
   0.49035E-04
   0.38110E-04
   0.31871E-04
   0.26195E-04
   0.21898E-04
   0.18227E-04
   0.15193E-04
   0.13263E-04
   0.11321E-04
   0.99113E-05
   0.86931E-05
   0.75473E-05
   0.67849E-05
   0.59965E-05
   0.54363E-05
   0.48913E-05
   0.43899E-05
   0.40054E-05
   0.36251E-05
   0.33240E-05
   0.30570E-05
   0.27579E-05
   0.25002E-05
   0.21900E-05
 
   0.10107E+01
   0.44685E-03
   0.25909E-03
   0.18492E-03
   0.13589E-03
   0.10270E-03
   0.79973E-04
   0.63003E-04
   0.48973E-04
   0.38054E-04
   0.31751E-04
   0.26085E-04
   0.21859E-04
   0.18088E-04
   0.15137E-04
   0.13208E-04
   0.11221E-04
   0.98058E-05
   0.85899E-05
   0.74604E-05
   0.66711E-05
   0.59192E-05
   0.53431E-05
   0.48027E-05
   0.43178E-05
   0.39616E-05
   0.35881E-05
   0.32766E-05
   0.29930E-05
   0.27281E-05
   0.24545E-05
   0.21462E-05
 
   0.10096E+01
   0.44545E-03
   0.25791E-03
   0.18438E-03
   0.13583E-03
   0.10267E-03
   0.79783E-04
   0.62918E-04
   0.48900E-04
   0.38077E-04
   0.31693E-04
   0.26015E-04
   0.21822E-04
   0.17973E-04
   0.15144E-04
   0.13157E-04
   0.11124E-04
   0.97055E-05
   0.84868E-05
   0.73839E-05
   0.66118E-05
   0.58720E-05
   0.52575E-05
   0.47330E-05
   0.42742E-05
   0.39134E-05
   0.35599E-05
   0.32085E-05
   0.29374E-05
   0.26884E-05
   0.24103E-05
   0.21038E-05
 
   0.10085E+01
   0.44520E-03
   0.25723E-03
   0.18368E-03
   0.13542E-03
   0.10252E-03
   0.79523E-04
   0.62655E-04
   0.48824E-04
   0.38199E-04
   0.31647E-04
   0.25996E-04
   0.21819E-04
   0.17906E-04
   0.15142E-04
   0.13083E-04
   0.11079E-04
   0.96219E-05
   0.83936E-05
   0.73271E-05
   0.65711E-05
   0.58317E-05
   0.51805E-05
   0.46711E-05
   0.42378E-05
   0.38630E-05
   0.35124E-05
   0.31529E-05
   0.28922E-05
   0.26367E-05
   0.23672E-05
   0.20704E-05
 
   0.10073E+01
   0.44623E-03
   0.25734E-03
   0.18287E-03
   0.13461E-03
   0.10210E-03
   0.79221E-04
   0.62294E-04
   0.48768E-04
   0.38356E-04
   0.31647E-04
   0.26093E-04
   0.21814E-04
   0.17859E-04
   0.15142E-04
   0.12982E-04
   0.11054E-04
   0.95650E-05
   0.83509E-05
   0.73054E-05
   0.65262E-05
   0.57876E-05
   0.51250E-05
   0.46341E-05
   0.41885E-05
   0.38129E-05
   0.34718E-05
   0.31276E-05
   0.28598E-05
   0.25808E-05
   0.23215E-05
   0.20437E-05
 
   0.10060E+01
   0.44868E-03
   0.25811E-03
   0.18182E-03
   0.13373E-03
   0.10157E-03
   0.78877E-04
   0.61799E-04
   0.48719E-04
   0.38515E-04
   0.31665E-04
   0.26101E-04
   0.21805E-04
   0.17830E-04
   0.15193E-04
   0.12873E-04
   0.11034E-04
   0.95018E-05
   0.83547E-05
   0.72927E-05
   0.64605E-05
   0.57569E-05
   0.50858E-05
   0.46332E-05
   0.41453E-05
   0.37656E-05
   0.34338E-05
   0.31062E-05
   0.28317E-05
   0.25438E-05
   0.22920E-05
   0.20196E-05
 
   0.10046E+01
   0.45243E-03
   0.25959E-03
   0.18042E-03
   0.13280E-03
   0.10086E-03
   0.78557E-04
   0.61255E-04
   0.48627E-04
   0.38623E-04
   0.31667E-04
   0.26112E-04
   0.21753E-04
   0.17812E-04
   0.15292E-04
   0.12740E-04
   0.11068E-04
   0.94815E-05
   0.83478E-05
   0.72755E-05
   0.64043E-05
   0.57374E-05
   0.50706E-05
   0.46327E-05
   0.41178E-05
   0.37383E-05
   0.34048E-05
   0.30874E-05
   0.28065E-05
   0.25285E-05
   0.22702E-05
   0.19951E-05
 
   0.10032E+01
   0.45737E-03
   0.26156E-03
   0.17881E-03
   0.13172E-03
   0.99921E-04
   0.78132E-04
   0.60730E-04
   0.48425E-04
   0.38656E-04
   0.31640E-04
   0.26164E-04
   0.21715E-04
   0.17798E-04
   0.15415E-04
   0.12679E-04
   0.11073E-04
   0.94999E-05
   0.83255E-05
   0.72669E-05
   0.63687E-05
   0.56976E-05
   0.50787E-05
   0.46104E-05
   0.41079E-05
   0.37231E-05
   0.33805E-05
   0.30815E-05
   0.27848E-05
   0.25069E-05
   0.22568E-05
   0.19864E-05
 
   0.10017E+01
   0.46333E-03
   0.26395E-03
   0.17722E-03
   0.13042E-03
   0.98849E-04
   0.77542E-04
   0.60254E-04
   0.48195E-04
   0.38632E-04
   0.31608E-04
   0.26216E-04
   0.21704E-04
   0.17835E-04
   0.15516E-04
   0.12748E-04
   0.11071E-04
   0.95769E-05
   0.83164E-05
   0.72898E-05
   0.63973E-05
   0.56894E-05
   0.50898E-05
   0.45957E-05
   0.41102E-05
   0.37177E-05
   0.33737E-05
   0.30782E-05
   0.27750E-05
   0.24927E-05
   0.22454E-05
   0.19782E-05
 
   0.10001E+01
   0.47031E-03
   0.26674E-03
   0.17603E-03
   0.12918E-03
   0.97795E-04
   0.76878E-04
   0.59697E-04
   0.47830E-04
   0.38515E-04
   0.31522E-04
   0.26217E-04
   0.21716E-04
   0.17888E-04
   0.15580E-04
   0.12898E-04
   0.11072E-04
   0.96763E-05
   0.83539E-05
   0.73394E-05
   0.64323E-05
   0.57235E-05
   0.51097E-05
   0.46078E-05
   0.41192E-05
   0.37258E-05
   0.33903E-05
   0.30827E-05
   0.27790E-05
   0.24965E-05
   0.22408E-05
   0.19718E-05
 
   0.99849E+00
   0.47864E-03
   0.27027E-03
   0.17519E-03
   0.12833E-03
   0.96771E-04
   0.76098E-04
   0.59015E-04
   0.47433E-04
   0.38329E-04
   0.31443E-04
   0.26200E-04
   0.21735E-04
   0.17962E-04
   0.15594E-04
   0.13041E-04
   0.11100E-04
   0.97359E-05
   0.84227E-05
   0.74039E-05
   0.64951E-05
   0.57749E-05
   0.51483E-05
   0.46447E-05
   0.41508E-05
   0.37477E-05
   0.34169E-05
   0.30868E-05
   0.27789E-05
   0.25122E-05
   0.22434E-05
   0.19646E-05
 
   0.99681E+00
   0.48932E-03
   0.27465E-03
   0.17512E-03
   0.12784E-03
   0.96183E-04
   0.75329E-04
   0.58376E-04
   0.46983E-04
   0.38133E-04
   0.31340E-04
   0.26138E-04
   0.21734E-04
   0.18104E-04
   0.15577E-04
   0.13152E-04
   0.11177E-04
   0.97858E-05
   0.84839E-05
   0.74885E-05
   0.65655E-05
   0.58324E-05
   0.51779E-05
   0.47070E-05
   0.42169E-05
   0.37890E-05
   0.34380E-05
   0.31137E-05
   0.27951E-05
   0.25405E-05
   0.22570E-05
   0.19899E-05
 
   0.99507E+00
   0.50287E-03
   0.28008E-03
   0.17597E-03
   0.12779E-03
   0.95889E-04
   0.74713E-04
   0.57805E-04
   0.46335E-04
   0.37867E-04
   0.31237E-04
   0.25958E-04
   0.21743E-04
   0.18257E-04
   0.15526E-04
   0.13252E-04
   0.11255E-04
   0.98314E-05
   0.85710E-05
   0.76017E-05
   0.66527E-05
   0.58900E-05
   0.52332E-05
   0.47744E-05
   0.42761E-05
   0.38470E-05
   0.34606E-05
   0.31586E-05
   0.28377E-05
   0.25687E-05
   0.22912E-05
   0.20420E-05
 
   0.99329E+00
   0.51928E-03
   0.28677E-03
   0.17827E-03
   0.12834E-03
   0.95984E-04
   0.74277E-04
   0.57353E-04
   0.45619E-04
   0.37598E-04
   0.31065E-04
   0.25694E-04
   0.21702E-04
   0.18306E-04
   0.15476E-04
   0.13346E-04
   0.11335E-04
   0.98468E-05
   0.86648E-05
   0.76916E-05
   0.67590E-05
   0.59629E-05
   0.52933E-05
   0.48259E-05
   0.43329E-05
   0.39131E-05
   0.35108E-05
   0.32259E-05
   0.29028E-05
   0.26100E-05
   0.23529E-05
   0.20993E-05
 
   0.99151E+00
   0.53843E-03
   0.29510E-03
   0.18252E-03
   0.12969E-03
   0.97058E-04
   0.74231E-04
   0.57120E-04
   0.45118E-04
   0.37394E-04
   0.30877E-04
   0.25417E-04
   0.21651E-04
   0.18269E-04
   0.15446E-04
   0.13431E-04
   0.11393E-04
   0.98519E-05
   0.87755E-05
   0.77797E-05
   0.68501E-05
   0.60586E-05
   0.53852E-05
   0.48924E-05
   0.44093E-05
   0.39643E-05
   0.35951E-05
   0.33072E-05
   0.29758E-05
   0.26853E-05
   0.24356E-05
   0.21804E-05
 
   0.98974E+00
   0.56043E-03
   0.30587E-03
   0.18871E-03
   0.13263E-03
   0.99279E-04
   0.74932E-04
   0.57381E-04
   0.44878E-04
   0.37264E-04
   0.30650E-04
   0.25210E-04
   0.21606E-04
   0.18169E-04
   0.15395E-04
   0.13483E-04
   0.11440E-04
   0.99071E-05
   0.88698E-05
   0.78665E-05
   0.69220E-05
   0.61775E-05
   0.54835E-05
   0.49949E-05
   0.45060E-05
   0.40503E-05
   0.37032E-05
   0.33966E-05
   0.30725E-05
   0.27953E-05
   0.25368E-05
   0.22872E-05
 
   0.98799E+00
   0.58579E-03
   0.31985E-03
   0.19758E-03
   0.13757E-03
   0.10347E-03
   0.76895E-04
   0.58659E-04
   0.45207E-04
   0.37418E-04
   0.30574E-04
   0.25164E-04
   0.21666E-04
   0.18002E-04
   0.15468E-04
   0.13480E-04
   0.11514E-04
   0.99721E-05
   0.89331E-05
   0.79525E-05
   0.70162E-05
   0.63016E-05
   0.56379E-05
   0.51136E-05
   0.46368E-05
   0.41957E-05
   0.38333E-05
   0.35159E-05
   0.32151E-05
   0.29364E-05
   0.26740E-05
   0.24160E-05
 
   0.98630E+00
   0.61507E-03
   0.33813E-03
   0.21023E-03
   0.14560E-03
   0.11037E-03
   0.80876E-04
   0.61420E-04
   0.46416E-04
   0.38217E-04
   0.30951E-04
   0.25525E-04
   0.21802E-04
   0.17966E-04
   0.15691E-04
   0.13476E-04
   0.11616E-04
   0.10061E-04
   0.90317E-05
   0.80656E-05
   0.71659E-05
   0.64455E-05
   0.58218E-05
   0.52737E-05
   0.47924E-05
   0.43703E-05
   0.40039E-05
   0.36827E-05
   0.33931E-05
   0.31005E-05
   0.28646E-05
   0.25813E-05
 
   0.98467E+00
   0.64967E-03
   0.36186E-03
   0.22753E-03
   0.15737E-03
   0.12086E-03
   0.87627E-04
   0.66384E-04
   0.49139E-04
   0.40122E-04
   0.32399E-04
   0.26628E-04
   0.22401E-04
   0.18285E-04
   0.16075E-04
   0.13594E-04
   0.11814E-04
   0.10242E-04
   0.92078E-05
   0.82032E-05
   0.73581E-05
   0.66278E-05
   0.60197E-05
   0.54956E-05
   0.49602E-05
   0.45489E-05
   0.41850E-05
   0.38662E-05
   0.35996E-05
   0.32988E-05
   0.30684E-05
   0.27830E-05
 
   0.98320E+00
   0.68999E-03
   0.39269E-03
   0.25074E-03
   0.17437E-03
   0.13629E-03
   0.98521E-04
   0.74225E-04
   0.54023E-04
   0.43788E-04
   0.35407E-04
   0.28825E-04
   0.23939E-04
   0.19238E-04
   0.16913E-04
   0.14142E-04
   0.12361E-04
   0.10689E-04
   0.95749E-05
   0.84518E-05
   0.76178E-05
   0.68588E-05
   0.62282E-05
   0.57067E-05
   0.51744E-05
   0.47422E-05
   0.43976E-05
   0.40915E-05
   0.37951E-05
   0.35371E-05
   0.33037E-05
   0.30174E-05
 
   0.98195E+00
   0.73794E-03
   0.43183E-03
   0.28086E-03
   0.19806E-03
   0.15841E-03
   0.11459E-03
   0.86361E-04
   0.62100E-04
   0.50308E-04
   0.40989E-04
   0.32782E-04
   0.27162E-04
   0.21528E-04
   0.18590E-04
   0.15557E-04
   0.13503E-04
   0.11580E-04
   0.10287E-04
   0.90253E-05
   0.80589E-05
   0.72189E-05
   0.65931E-05
   0.59779E-05
   0.54474E-05
   0.50344E-05
   0.46545E-05
   0.43583E-05
   0.40432E-05
   0.38146E-05
   0.35690E-05
   0.33372E-05
 
   0.98105E+00
   0.79589E-03
   0.48234E-03
   0.32013E-03
   0.23147E-03
   0.19013E-03
   0.13847E-03
   0.10458E-03
   0.75447E-04
   0.61361E-04
   0.50307E-04
   0.39852E-04
   0.32960E-04
   0.26111E-04
   0.21859E-04
   0.18287E-04
   0.15871E-04
   0.13626E-04
   0.11777E-04
   0.10337E-04
   0.91287E-05
   0.81239E-05
   0.73637E-05
   0.67171E-05
   0.60782E-05
   0.56307E-05
   0.52040E-05
   0.48670E-05
   0.45568E-05
   0.42626E-05
   0.40493E-05
   0.38037E-05
 
   0.98068E+00
   0.86642E-03
   0.54592E-03
   0.36972E-03
   0.27644E-03
   0.23247E-03
   0.17173E-03
   0.13057E-03
   0.95604E-04
   0.78421E-04
   0.64602E-04
   0.51202E-04
   0.42417E-04
   0.33789E-04
   0.28067E-04
   0.23579E-04
   0.20350E-04
   0.17766E-04
   0.15273E-04
   0.13371E-04
   0.11793E-04
   0.10505E-04
   0.94887E-05
   0.86009E-05
   0.78275E-05
   0.72256E-05
   0.67109E-05
   0.62193E-05
   0.58016E-05
   0.54150E-05
   0.50744E-05
   0.45699E-05
 
   0.98119E+00
   0.95663E-03
   0.62573E-03
   0.43144E-03
   0.33232E-03
   0.28608E-03
   0.21549E-03
   0.16423E-03
   0.12211E-03
   0.10205E-03
   0.83968E-04
   0.67177E-04
   0.56017E-04
   0.45557E-04
   0.38340E-04
   0.32317E-04
   0.28014E-04
   0.25128E-04
   0.21755E-04
   0.19195E-04
   0.16832E-04
   0.15655E-04
   0.14167E-04
   0.12836E-04
   0.11591E-04
   0.10633E-04
   0.97609E-05
   0.89321E-05
   0.80336E-05
   0.72003E-05
   0.62431E-05
   0.51211E-05
 
